1.000000000000000238e-03 1.130833577326370239e-07
1.030693570993254041e-03 1.131414173511109833e-07
1.062329237286826567e-03 1.132021947205728332e-07
1.094935915149699082e-03 1.132657735556339467e-07
1.128543408394410601e-03 1.133322445881060764e-07
1.163182435618933088e-03 1.134017438016865415e-07
1.198884658284709616e-03 1.134744146014366777e-07
1.235682709656494259e-03 1.135503750403383871e-07
1.273610224630473183e-03 1.136297390002704933e-07
1.312701870477902535e-03 1.137126682966295160e-07
1.352993378532394266e-03 1.137993487879279317e-07
1.394521576849780528e-03 1.138899425741588720e-07
1.437324423870444843e-03 1.139845950990795593e-07
1.481441043114849806e-03 1.140834394880901834e-07
1.526911758944016727e-03 1.141866026561523000e-07
1.573778133417598870e-03 1.142942484444438823e-07
1.622083004283283872e-03 1.144065674171053252e-07
1.671870524132203131e-03 1.145237361033122071e-07
1.723186200756183411e-03 1.146459261466871964e-07
1.776076938743690117e-03 1.147733459317412834e-07
1.830591082352500372e-03 1.149062186353736214e-07
1.886778459698305876e-03 1.150447456866009468e-07
1.944690428299597831e-03 1.151891276157668906e-07
2.004379922020514335e-03 1.153395816489035777e-07
2.065901499454503559e-03 1.154963540425548073e-07
2.129311393793081528e-03 1.156597205532942112e-07
2.194667564225213831e-03 1.158298838676923171e-07
2.262029748914353745e-03 1.160070481837162878e-07
2.331459519601508656e-03 1.161915835698622819e-07
2.403020337884297000e-03 1.163837622852780517e-07
2.476777613223381247e-03 1.165837430761002336e-07
2.552798762729354722e-03 1.167918823513602514e-07
2.631153272784680919e-03 1.170085450448838024e-07
2.711912762557031759e-03 1.172340103581755044e-07
2.795151049462087263e-03 1.174685029955891172e-07
2.880944216635619465e-03 1.177124125234543055e-07
2.969370682476531707e-03 1.179661790408766055e-07
3.060511272324411419e-03 1.182300626476392148e-07
3.154449292337156794e-03 1.185043639377906947e-07
3.251270605636126434e-03 1.187895613468865569e-07
3.351063710788501453e-03 1.190861142617975304e-07
3.453919822698504546e-03 1.193943189098569102e-07
3.559932955981510994e-03 1.197145376057332435e-07
3.669200010897153037e-03 1.200473614128920886e-07
3.781820861920072181e-03 1.203932527323080246e-07
3.897898449029187865e-03 1.207525178120655918e-07
4.017538871798962199e-03 1.211256921138532089e-07
4.140851486378680467e-03 1.215134379124149254e-07
4.267949005448364898e-03 1.219162752010368739e-07
4.398947601242685253e-03 1.223345942767549125e-07
4.533967011737034813e-03 1.227690223588478964e-07
4.673130650092856449e-03 1.232202152597360623e-07
4.816565717462232069e-03 1.236886562062175689e-07
4.964403319254835287e-03 1.241748295606332939e-07
5.116778584973528596e-03 1.246796922949047609e-07
5.273830791728178861e-03 1.252042043018206423e-07
5.435703491540495869e-03 1.257491138305626128e-07
5.602544642556376263e-03 1.263150778757151682e-07
5.774506744285553758e-03 1.269027916547777411e-07
5.951746976992310784e-03 1.275128174702041981e-07
6.134427345364507414e-03 1.281455845000624849e-07
6.322714826592410083e-03 1.288019880527399245e-07
6.516781522992528761e-03 1.294835192381832813e-07
6.716804819316030649e-03 1.301914940558390551e-07
6.922967544885536353e-03 1.309270318362783800e-07
7.135458140708471689e-03 1.316912318649089178e-07
7.354470831719704497e-03 1.324851423308184820e-07
7.580205804310914328e-03 1.333096557527344234e-07
7.812869389309005236e-03 1.341656632561903098e-07
8.052674250570780387e-03 1.350548231978811708e-07
8.299839579366228431e-03 1.359789728369028109e-07
8.554591294728131068e-03 1.369397536407050764e-07
8.817162249951141298e-03 1.379387580904243116e-07
9.087792445429053803e-03 1.389778179960371732e-07
9.366729248024785459e-03 1.400586978188808904e-07
9.654227617173629511e-03 1.411830333419297456e-07
9.950550337926387240e-03 1.423527135117260302e-07
1.025596826114547749e-02 1.435701800988861987e-07
1.057076055107350303e-02 1.448378160063993709e-07
1.089521494050057354e-02 1.461579191369376741e-07
1.122962799376359816e-02 1.475331145808353652e-07
1.157430537781800953e-02 1.489663665404924014e-07
1.192956214162966579e-02 1.504605988435638550e-07
1.229572300414221928e-02 1.520187610051982010e-07
1.267312265108325349e-02 1.536443180121899536e-07
1.306210604088049038e-02 1.553410410811887740e-07
1.346302871996766549e-02 1.571127474238807185e-07
1.387625714776821902e-02 1.589634229341528941e-07
1.430216903165388784e-02 1.608975922263248128e-07
1.474115367218448505e-02 1.629200630762369317e-07
1.519361231894414410e-02 1.650358456133956540e-07
1.565995853729963000e-02 1.672501935972233740e-07
1.614061858641566150e-02 1.695686415184216674e-07
1.663603180887285662e-02 1.719970918750184269e-07
1.714665103224452536e-02 1.745418851243531802e-07
1.767294298299926930e-02 1.772098828160540461e-07
1.821538871310770039e-02 1.800085514961983789e-07
1.877448403974319585e-02 1.829460351716305510e-07
1.935073999847877063e-02 1.860311727508992558e-07
1.994468331039408321e-02 1.892724196078086218e-07
2.055685686351963609e-02 1.926781919305306539e-07
2.118782020905824251e-02 1.962579259777392652e-07
2.183815007283727849e-02 2.000220142213502899e-07
2.250844088245924912e-02 2.039806092394846325e-07
2.319930531063247800e-02 2.081445573821112762e-07
2.391137483517854698e-02 2.125261873527688905e-07
2.464530031622841344e-02 2.171383834478443533e-07
2.540175259113464090e-02 2.219917216491363920e-07
2.618142308764371054e-02 2.270974418363263683e-07
2.698502445588872936e-02 2.324684332325205462e-07
2.781329121978024996e-02 2.381172487762820457e-07
2.866698044839063181e-02 2.440539432922998746e-07
2.954687244794554010e-02 2.502894765173477709e-07
3.045377147505518370e-02 2.568360496481052249e-07
3.138850647183712844e-02 2.637026723108834490e-07
3.235193182360268649e-02 2.708940914312018446e-07
3.334492813979935549e-02 2.784148451354574184e-07
3.436840305892324698e-02 2.862688907007578535e-07
3.542329207813708219e-02 2.944554302641274749e-07
3.651055940835216257e-02 3.029695665076102551e-07
3.763119885555583216e-02 3.118040519651208317e-07
3.878623472919009996e-02 3.209485842938483528e-07
3.997672277841152200e-02 3.303882442887650380e-07
4.120375115708833913e-02 3.401035312084008947e-07
4.246844141841681075e-02 3.500701090450499592e-07
4.377194954006584371e-02 3.602613156430651142e-07
4.511546698078700013e-02 3.706535814491876272e-07
4.650022176945560470e-02 3.812203482935498691e-07
4.792747962753845375e-02 3.919308563419499251e-07
4.939854512601404846e-02 4.027635766618115543e-07
5.091476287780283966e-02 4.137149708976460704e-07
5.247751876679738331e-02 4.247834758920053430e-07
5.408824121461591056e-02 4.359697781929726815e-07
5.574840248623695593e-02 4.473032047672770304e-07
5.745952003570881095e-02 4.588406763626271016e-07
5.922315789316312529e-02 4.706475266957331905e-07
6.104092809440166134e-02 4.828010548291741779e-07
6.291449215436127618e-02 4.954149781286394950e-07
6.484556258580573274e-02 5.086302136664050779e-07
6.683590446463064105e-02 5.226083780016851571e-07
6.888733704321417517e-02 5.375209501233280138e-07
7.100173541328626270e-02 5.535267089539884099e-07
7.318103221983825180e-02 5.707962997925969164e-07
7.542721942763744303e-02 5.895443346632253373e-07
7.774235014196344273e-02 6.099417467041169973e-07
8.012854048522818906e-02 6.320743409708694173e-07
8.258797153119734613e-02 6.560061900355537372e-07
8.512289129857905645e-02 6.818049088004691044e-07
8.773561680580301003e-02 7.094388435701411759e-07
9.042853618886891043e-02 7.387457616287828345e-07
9.320411088419798540e-02 7.694482070220781839e-07
9.606487787848529136e-02 8.011900277103002120e-07
9.901345202760683528e-02 8.336153819494345151e-07
1.020525284467034138e-01 8.663944232107289543e-07
1.051848849736233549e-01 8.990935108111310984e-07
1.084133847079785939e-01 9.313088021770488794e-07
1.117409786281318568e-01 9.631096542108250333e-07
1.151707082885101846e-01 9.948394551559638207e-07
1.187057085997068884e-01 1.026942996324594644e-06
1.223492106939166046e-01 1.060009529034268160e-06
1.261045448783189027e-01 1.094836275086862662e-06
1.299751436791135306e-01 1.132402350255167832e-06
1.339645449789868825e-01 1.173920085587138897e-06
1.380763952508783643e-01 1.220186257287525331e-06
1.423144528910038897e-01 1.271085238686404179e-06
1.466825916541799890e-01 1.326306519336149202e-06
1.511848041945921539e-01 1.385334247070544853e-06
1.558252057152400283e-01 1.447432828464996921e-06
1.606080377293992723e-01 1.511568775981138570e-06
1.655376719375337702e-01 1.576284212449241244e-06
1.706186142232065661e-01 1.639928669270037370e-06
1.758555087716371368e-01 1.702832914432897778e-06
1.812531423146742926e-01 1.766728215685207437e-06
1.868164485060600788e-01 1.833925920873112173e-06
1.925505124309885574e-01 1.906768305923352958e-06
1.984605752540765100e-01 1.985724231528561071e-06
2.045520390099994923e-01 2.070633807005195752e-06
2.108304715411679076e-01 2.161166150148136724e-06
2.173016115869579046e-01 2.256861959889554967e-06
2.239713740291508492e-01 2.357234196030946792e-06
2.308458552983712053e-01 2.461545943572313021e-06
2.379313389464703665e-01 2.568755659668789326e-06
2.452343013899437596e-01 2.678639641708903662e-06
2.527614178296372360e-01 2.792391192824503527e-06
2.605195683521466798e-01 2.911717291396241321e-06
2.685158442184953365e-01 3.038718481821751380e-06
2.767575543458292153e-01 3.174162606534365259e-06
2.852522319880624879e-01 3.317575631527238642e-06
2.940076416215721689e-01 3.468078854006314672e-06
3.030317860422432896e-01 3.624599925151792576e-06
3.123329136803433825e-01 3.787374030891706702e-06
3.219195261399210861e-01 3.957341791358975822e-06
3.318003859696113667e-01 4.135725224751719800e-06
3.419845246719586118e-01 4.323742608517168858e-06
3.524812509585718567e-01 4.521831957606944255e-06
3.633001592586596606e-01 4.730194279995606064e-06
3.744511384887260763e-01 4.948905419001703835e-06
3.859443810914344741e-01 5.178176287204096706e-06
3.977903923519122142e-01 5.418620835323138380e-06
4.099999999999999756e-01 5.670954939889148819e-06
